[files]
source = /home/ericvc/candy/working_dir/r00/z07/source.mdl
chem = /home/ericvc/astrochem/networks/data_chemnet_Deuterium_carbon_oxygen_frac.chm
[phys]
chi = 5.000e+01
cosmic = 1.30e-17
grain_size = 1.00e-01
grain_gas_mass_ratio = 1.00e-02
[solver]
ti = 1.00e-06
tf = 5.00e+02
abs_err = 1.0e-20
rel_err = 1.0e-10
[abundances]
H2 = 5.000000000000000e-01
He = 9.750000000000000e-02
NH3 = 1.450000000000000e-06
H2O = 1.180000000000000e-04
CO = 6.000000000000000e-05
N2 = 2.000000000000000e-05
CH4 = 2.000000000000000e-06
CH3OH = 1.000000000000000e-06
H2S = 1.910000000000000e-08
CO2 = 5.000000000000000e-05
HCN = 3.500000000000000e-07
grain = 2.200000000000000e-12
[output]
abundances = all
time_steps = 64
trace_routes = 0