[files]
source = /home/ericvc/candy/working_dir/r00/z04/source.mdl
chem = /home/ericvc/candy/astrochem/networks/umist12_x.chm
[phys]
chi = 5.000e+01
cosmic = 1.30e-17
grain_size = 1.00e-01
grain_gas_mass_ratio = 1.00e-02
[solver]
ti = 1.00e-06
tf = 5.00e+02
abs_err = 1.0e-20
rel_err = 1.0e-10
[abundances]
H2 = 5.000000000000000e-01
He = 1.600000000000000e-01
CO = 2.000000000000000e-04
H2O = 2.000000000000000e-04
grain = 2.200000000000000e-12
H2-18-O = 4.000000000000000e-07
C-18-O = 4.000000000000000e-07
[output]
abundances = all
time_steps = 64
trace_routes = 0